5 5
0 6. 10. 0 24. 16. 0 0 20. 0 11. 12. 0 4. 0 13. 0 14. 0 0 0 19. 23. 25. 17.
18. 0 0 9. 0 7. 3. 5. 0 14. 0 19. 20. 0 1. 23. 25. 8. 2. 6. 0 24. 0 0 15.
0 3. 12. 7. 21. 0 0 6. 1. 9. 0 0 10. 25. 2. 24. 0 22. 19. 0 5. 0 0 0 8.
2. 0 0 15. 25. 4. 0 12. 18. 0 0 14. 0 0 0 0 3. 5. 0 1. 22. 0 13. 0 7.
14. 16. 22. 0 0 0 0 17. 0 0 8. 0 0 5. 0 0 0 10. 12. 18. 1. 3. 2. 0 0
11. 0 21. 10. 16. 23. 19. 9. 6. 0 17. 0 12. 20. 5. 0 0 18. 15. 2. 13. 4. 8. 22. 0
0 2. 0 24. 18. 11. 0 21. 15. 0 0 3. 1. 0 0 17. 0 13. 25. 5. 0 0 6. 16. 12.
19. 5. 0 0 0 17. 0 0 2. 24. 0 0 0 13. 0 0 0 0 0 8. 9. 21. 0 0 0
3. 25. 0 0 0 18. 0 8. 0 16. 0 0 0 21. 19. 0 10. 9. 0 0 2. 5. 15. 0 23.
12. 0 7. 0 15. 0 0 3. 0 5. 2. 16. 22. 0 0 20. 0 21. 0 0 11. 0 0 19. 25.
25. 11. 1. 3. 19. 0 7. 0 22. 12. 20. 9. 2. 15. 0 0 0 0 0 0 8. 0 0 6. 21.
21. 20. 24. 13. 0 0 9. 0 0 17. 22. 0 0 6. 10. 1. 8. 0 23. 0 15. 18. 3. 2. 5.
23. 22. 2. 18. 12. 6. 24. 0 0 15. 5. 0 0 0 0 19. 0 25. 7. 13. 0 1. 0 20. 10.
0 17. 15. 8. 0 5. 0 0 13. 1. 0 21. 4. 14. 0 22. 2. 0 10. 9. 7. 0 19. 0 0
0 10. 0 4. 7. 3. 0 2. 8. 0 23. 0 0 0 0 0 20. 6. 24. 15. 12. 0 22. 14. 13.
17. 0 16. 22. 0 0 0 0 0 0 0 0 21. 8. 6. 14. 9. 0 5. 3. 24. 13. 0 0 0
0 24. 25. 21. 2. 9. 14. 13. 0 23. 10. 22. 7. 16. 0 6. 0 20. 8. 0 17. 15. 0 3. 0
15. 19. 0 20. 0 0 11. 24. 5. 18. 3. 13. 25. 17. 0 2. 0 7. 0 0 0 12. 4. 8. 0
0 12. 18. 11. 4. 21. 0 0 3. 0 1. 23. 0 2. 0 10. 13. 0 0 0 20. 7. 0 0 0
0 7. 6. 14. 3. 2. 1. 16. 10. 8. 4. 24. 5. 12. 20. 15. 23. 0 17. 0 21. 0 0 18. 0
22. 14. 0 0 11. 0 18. 10. 7. 0 0 20. 15. 24. 3. 4. 0 0 0 0 6. 8. 5. 0 1.
10. 15. 0 16. 0 20. 2. 25. 23. 22. 21. 0 14. 7. 0 8. 6. 1. 13. 24. 3. 11. 12. 17. 4.
24. 0 17. 0 8. 14. 12. 11. 0 21. 6. 4. 0 0 0 0 0 0 0 20. 19. 0 10. 13. 0
0 0 0 0 20. 0 5. 0 0 0 13. 2. 0 11. 0 0 22. 0 0 0 16. 0 7. 0 0
7. 13. 0 2. 5. 24. 6. 1. 0 0 9. 17. 8. 10. 0 12. 21. 0 11. 14. 0 23. 20. 15. 0
